Id,Prediction
1,0
2,1
3,0
4,1
5,1
6,0
7,1
8,1
9,1
10,0
11,0
12,1
13,0
14,1
15,0
16,0
17,1
18,0
19,0
20,1
21,0
22,0
23,1
24,1
25,0
26,0
27,1
28,0
29,0
30,1
31,0
32,1
33,0
34,1
35,1
36,0
37,1
38,1
39,0
40,1
41,0
42,0
43,0
44,0
45,1
46,0
47,0
48,1
49,0
50,0
51,0
52,0
53,0
54,0
55,0
56,0
57,1
58,1
59,0
60,0
61,1
62,0
63,0
64,1
65,0
66,0
67,1
68,1
69,0
70,0
71,1
72,0
73,0
74,0
75,0
76,0
77,1
78,0
79,0
80,1
81,0
82,0
83,1
84,0
85,0
86,0
87,0
88,1
89,1
90,0
91,1
92,0
93,0
94,0
95,1
96,1
97,0
98,1
99,0
100,1
101,1
102,0
103,1
104,0
105,0
106,0
107,0
108,0
109,0
110,0
111,0
112,0
113,0
114,0
115,0
116,0
117,1
118,1
119,0
120,0
121,0
122,0
123,0
124,1
125,0
126,0
127,0
128,0
129,0
130,0
131,0
132,0
133,1
134,0
135,0
136,0
137,0
138,1
139,0
140,1
141,0
142,0
143,0
144,1
145,1
146,0
147,0
148,0
149,0
150,0
151,0
152,1
153,0
154,1
155,0
156,0
157,0
158,0
159,1
160,0
161,1
162,0
163,0
164,0
165,0
166,1
167,1
168,0
169,1
170,0
171,0
172,1
173,0
174,0
175,0
176,0
177,0
178,0
179,1
180,0
181,1
182,1
183,0
184,0
185,1
186,0
187,0
188,0
189,0
190,1
191,1
192,1
193,0
194,0
195,0
196,0
197,0
198,1
199,0
200,1
201,0
202,0
203,1
204,0
205,1
206,0
207,0
208,0
209,0
210,1
211,0
212,0
213,1
214,0
215,1
216,1
217,0
218,1
219,0
220,0
221,0
222,1
223,0
224,0
225,0
226,0
227,0
228,0
229,1
230,1
231,0
232,1
233,0
234,0
235,0
236,0
237,0
238,0
239,1
240,0
241,0
242,1
243,0
244,0
245,0
246,0
247,0
248,1
249,1
250,1
251,0
252,0
253,1
254,0
255,0
256,0
257,1
258,1
259,0
260,0
261,0
262,0
263,1
264,0
265,1
266,0
267,0
268,1
269,1
270,0
271,1
272,0
273,1
274,1
275,1
276,0
277,1
278,1
279,0
280,0
281,0
282,0
283,1
284,0
285,0
286,0
287,1
288,1
289,0
290,0
291,0
292,1
293,1
294,1
295,0
296,0
297,1
298,0
299,0
300,0
301,1
302,0
303,0
304,0
305,1
306,0
307,0
308,1
309,0
310,0
311,0
312,1
313,0
314,1
315,1
316,0
317,1
318,0
319,1
320,0
321,0
322,0
323,1
324,0
325,0
326,0
327,0
328,0
329,0
330,0
331,0
332,0
333,0
334,0
335,0
336,0
337,0
338,1
339,0
340,0
341,1
342,0
343,0
344,1
345,0
346,0
347,0
348,1
349,1
350,1
351,1
352,0
353,1
354,1
355,0
356,0
357,0
358,0
359,1
360,0
361,0
362,1
363,0
364,1
365,0
366,1
367,0
368,1
369,0
370,1
371,0
372,0
373,1
374,0
375,0
376,1
377,0
378,0
379,0
380,0
381,1
382,1
383,0
384,0
385,1
386,1
387,0
388,0
389,1
390,0
391,0
392,0
393,0
394,1
395,0
396,1
397,0
398,0
399,0
400,1
401,0
402,1
403,0
404,0
405,0
406,0
407,1
408,0
409,0
410,0
411,1
412,1
413,1
414,1
415,1
416,1
417,0
418,0
419,0
420,1
421,0
422,1
423,0
424,0
425,1
426,0
427,0
428,1
429,0
430,1
431,1
432,0
433,0
434,0
435,0
436,0
437,0
438,0
439,0
440,1
441,0
442,0
443,0
444,0
445,0
446,0
447,0
448,0
449,0
450,0
451,0
452,0
453,0
454,0
455,0
456,0
457,0
458,1
459,0
460,0
461,0
462,0
463,1
464,1
465,1
466,0
467,0
468,0
469,1
470,0
471,1
472,1
473,1
474,0
475,1
476,1
477,1
478,0
479,1
480,1
481,1
482,0
483,1
484,0
485,0
486,1
487,0
488,0
489,1
490,0
491,0
492,0
493,0
494,0
495,0
496,1
497,0
498,0
499,0
500,0
